20219
20231
20249
20261
20269
20287
20297
20323
20327
20341
20347
20353
20357
20359
20369
20389
20399
20407
20411
20431
20441
20443
20477
20483
20507
20509
20521
20533
20543
20549
20563
20593
20599
20611
20627
20639
20641
20681
20693
20707
20717
20719
20731
20743
20749
20753
20759
20771
20773
20789
20807
20849
20857
20873
20879
20887
20897
20899
20921
20929
20939
20947
20959
20963
20981
21001
21011
21013
21017
21019
21023
21031
21061
21067
21089
21101
21107
21121
21139
21149
21157
21163
21169
21179
21187
21191
21211
21221
21227
21247
21269
21277
21283
21317
21319
21323
21341
21347
21377
21379
21391
21397
21401
21407
21419
21433
21467
21487
21491
21493
21499
21503
21517
21521
21529
21557
21559
21563
21569
21577
21587
21599
21601
21611
21613
21617
21647
21649
21673
21683
21701
21713
21727
21737
21739
21757
21767
21773
21787
21799
21803
21817
21839
21841
21851
21859
21863
21871
21881
21911
21929
21937
21943
21961
21977
21991
22003
22013
22027
22031
22037
22039
22051
22067
22073
22079
22091
22093
22109
22111
22129
22133
22147
22153
22157
22159
22171
22193
22229
22247
22259
22271
22273
22277
22283
22291
22303
22307
22343
22349
22367
22381
22391
22397
22409
22433
22441
22447
22469
22481
22483
22501
22511
22531
22541
22549
22567
22571
22573
22613
22619
22621
22639
22643
22651
22669
22679
22691
22697
22709
22717
22721
22727
22739
22741
22751
22777
22783
22787
22807
22811
22817
22853
22861
22871
22877
22901
22907
22921
22937
22961
22963
22973
22993
23003
23011
23017
23027
23029
23039
23041
23053
23057
23059
23071
23081
23087
23099
23117
23131
23143
23167
23173
23189
23197
23201
23203
23209
23251
23269
23279
23291
23293
23297
23311
23327
23333
23339
23357
23369
23371
23399
23431
23447
23459
23473
23497
23509
23531
23539
23549
23557
23561
23563
23567
23581
23599
23603
23609
23623
23627
23629
23633
23669
23671
23677
23687
23689
23719
23741
23747
23753
23761
23767
23773
23789
23801
23819
23827
23831
23833
23857
23869
23873
23887
23893
23899
23909
23911
23917
23929
23971
23977
23981
23993
24001
24007
24019
24029
24043
24049
24061
24071
24077
24083
24097
24103
24107
24109
24113
24121
24133
24151
24169
24179
24181
24197
24203
24223
24239
24247
24251
24281
24317
24329
24337
24371
24373
24379
24391
24407
24413
24419
24439
24443
24469
24473
24481
24499
24509
24527
24533
24547
24551
24571
24593
24611
24631
24659
24671
24677
24683
24691
24697
24733
24749
24763
24767
24781
24793
24799
24821
24841
24847
24851
24859
24877
24889
24917
24919
24923
24943
24953
24967
24971
24979
24989
25013
25031
25033
25037
25057
25087
25097
25111
25117
25121
25127
25147
25163
25169
25171
25183
25189
25219
25229
25243
25247
25253
25261
25301
25303
25307
25321
25339
25343
25349
25357
25367
25373
25409
25411
25423
25439
25447
25453
25457
25469
25471
25523
25537
25541
25561
25577
25583
25589
25601
25603
25609
25621
25633
25643
25657
25667
25673
25679
25693
25703
25733
25741
25747
25759
25763
25771
25793
25801
25819
25841
25847
25849
25867
25873
25903
25913
25919
25931
25933
25939
25943
25969
25981
25997
25999
26003
26017
26021
26041
26053
26083
26099
26107
26111
26113
26141
26153
26161
26171
26177
26183
26189
26209
26227
26237
26249
26251
26261
26263
26293
26297
26309
26317
26321
26339
26347
26371
26387
26393
26399
26407
26417
26423
26437
26449
26459
26479
26489
26497
26501
26539
26557
26561
26573
26591
26597
26627
26641
26647
26669
26681
26683
26687
26693
26701
26711
26713
26717
26723
26729
26731
26759
26777
26783
26801
26813
26821
26833
26849
26861
26863
26879
26881
26891
26893
26921
26927
26947
26951
26953
26959
26981
26993
27011
27017
27031
27043
27059
27061
27073
27077
27091
27103
27107
27109
27127
27179
27191
27197
27211
27239
27241
27253
27271
27277
27281
27283
27299
27329
27337
27367
27397
27407
27409
27427
27431
27437
27457
27479
27481
27487
27509
27527
27529
27541
27551
27581
27583
27611
27617
27631
27653
27673
27689
27691
27697
27701
27733
27739
27743
27749
27751
27763
27767
27773
27791
27793
27799
27803
27809
27817
27823
27847
27851
27883
27893
27901
27917
27919
27943
27947
27953
27961
27967
27983
27997
28019
28027
28031
28051
28057
28069
28081
28097
28099
28109
28111
28123
28151
28163
28183
28201
28211
28219
28229
28277
28279
28289
28297
28307
28309
28319
28349
28351
28393
28403
28409
28411
28429
28433
28439
28463
28477
28493
28499
28513
28517
28537
28547
28549
28559
28571
28573
28579
28591
28603
28607
28619
28621
28627
28631
28643
28657
28661
28663
28669
28687
28697
28703
28723
28729
28751
28753
28759
28771
28789
28807
28813
28817
28837
28843
28859
28867
28879
28901
28909
28921
28927
28933
28949
28979
29009
29017
29021
29023
29027
29033
29063
29077
29101
29123
29129
29131
29137
29153
29167
29173
29179
29191
29201
29207
29221
29231
29243
29251
29269
29287
29297
29311
29327
29333
29339
29347
29363
29383
29389
29399
29401
29411
29423
29429
29437
29453
29473
29483
29501
29527
29531
29537
29569
29573
29581
29587
29599
29611
29629
29641
29663
29669
29671
29683
29717
29723
29753
29759
29761
29789
29803
29819
29833
29851
29863
29867
29873
29879
29881
29917
29927
29947
29959
29983
29989
30011
30013
30047
30059
30071
30089
30091
30097
30103
30113
30119
30133
30137
30139
30161
30169
30187
30197
30203
30211
30223
30241
30253
30269
30271
30293
30307
30313
30319
30323
30347
30367
30389
30391
30403
30427
30431
30467
30469
30491
30493
30497
30509
30517
30539
30553
30557
30559
30577
30593
30631
30643
30649
30661
30671
30677
30689
30697
30707
30713
30727
30757
30763
30773
30781
30809
30817
30829
30839
30841
30851
30853
30869
30871
30881
30893
30911
30931
30937
30949
30971
30977
30983
31013
31019
31033
31051
31063
31069
31079
31081
31091
31121
31139
31147
31151
31153
31159
31177
31181
31189
31193
31219
31223
31231
31237
31247
31253
31259
31267
31271
31277
31307
31319
31327
31333
31337
31357
31379
31387
31391
31397
31469
31477
31481
31489
31511
31513
31531
31541
31543
31547
31567
31573
31583
31607
31627
31643
31649
31657
31663
31667
31699
31721
31723
31727
31729
31741
31751
31771
31793
31799
31817
31847
31849
31859
31883
31891
31907
31957
31963
31973
31981
32003
32009
32027
32029
32051
32057
32059
32069
32077
32083
32089
32099
32117
32119
32143
32159
32173
32183
32189
32191
32203
32233
32237
32251
32257
32261
32297
32299
32309
32321
32323
32327
32341
32353
32359
32369
32371
32377
32381
32401
32411
32413
32429
32441
32443
32467
32479
32491
32497
32507
32531
32533
32537
32561
32563
32569
32579
32587
32603
32609
32611
32621
32633
32653
32687
32693
32707
32713
32717
32719
32771
32779
32783
32789
32797
32801
32803
32833
32839
32843
32869
32887
32909
32911
32933
32939
32941
32957
32969
32971
32983
32993
32999
33013
33023
33029
33037
33049
33071
33073
33083
33091
33107
33113
33119
33151
33161
33179
33181
33191
33199
33203
33223
33247
33287
33289
33301
33311
33317
33331
33343
33347
33349
33353
33359
33377
33403
33409
33413
33427
33457
33461
33469
33487
33493
33503
33521
33529
33533
33547
33569
33577
33581
33587
33589
33599
33601
33617
33619
33623
33629
33637
33641
33647
33703
33713
33721
33739
33749
33751
33757
33769
33773
33791
33797
33809
33811
33827
33851
33857
33863
33871
33889
33893
33911
33931
33937
33941
33961
33967
33997
34019
34033
34039
34057
34061
34123
34127
34129
34147
34157
34159
34171
34183
34211
34213
34231
34253
34259
34261
34267
34273
34283
34301
34303
34313
34319
34327
34337
34351
34367
34369
34381
34403
34421
34429
34439
34469
34471
34483
34487
34499
34501
34511
34519
34537
34543
34549
34583
34589
34591
34607
34613
34631
34649
34651
34667
34673
34687
34693
34703
34721
34729
34739
34747
34759
34763
34781
34807
34819
34841
34843
34849
34871
34877
34883
34897
34913
34919
34949
34961
34963
34981
35023
35027
35051
35059
35069
35081
35083
35089
35099
35107
35117
35129
35141
35149
35153
35159
35171
35221
35227
35251
35257
35267
35279
35281
35311
35317
35323
35327
35339
35353
35363
35393
35401
35407
35419
35423
35437
35447
35461
35491
35507
35509
35521
35527
35531
35537
35543
35569
35573
35591
35593
35597
35617
35671
35677
35729
35731
35747
35753
35771
35797
35801
35803
35809
35831
35837
35851
35863
35869
35879
35897
35899
35911
35933
35951
35963
35969
35977
35983
35993
36007
36011
36013
36017
36037
36061
36067
36083
36097
36107
36109
36131
36137
36151
36187
36191
36209
36217
36229
36241
36251
36269
36277
36293
36299
36307
36313
36319
36343
36353
36373
36383
36389
36433
36451
36467
36469
36473
36479
36493
36497
36523
36529
36541
36551
36559
36563
36571
36583
36599
36607
36629
36637
36643
36653
36671
36683
36691
36697
36709
36713
36721
36739
36761
36767
36779
36781
36787
36791
36793
36821
36833
36847
36857
36871
36877
36887
36901
36913
36919
36923
36929
36931
36943
36973
36979
36997
37003
37013
37019
37021
37049
37057
37061
37087
37097
37117
37123
37159
37171
37181
37189
37199
37201
37217
37243
37253
37273
37277
37307
37309
37313
37337
37339
37357
37361
37363
37369
37379
37409
37423
37441
37447
37463
37483
37489
37501
37507
37511
37517
37529
37537
37547
37561
37567
37571
37573
37579
37589
37591
37619
37633
37643
37649
37657
37663
37691
37699
37717
37747
37781
37783
37799
37811
37831
37847
37853
37861
37871
37879
37889
37907
37951
37957
37963
37967
37987
37991
37997
38011
38039
38047
38053
38069
38083
38119
38149
38153
38167
38177
38183
38189
38201
38219
38231
38237
38239
38261
38273
38287
38299
38303
38317
38321
38327
38329
38351
38371
38377
38393
38431
38447
38449
38459
38461
38501
38543
38557
38561
38567
38593
38603
38609
38611
38629
38639
38651
38669
38671
38677
38693
38699
38707
38711
38723
38729
38737
38747
38749
38767
38783
38803
38821
38833
38839
38851
38861
38867
38891
38903
38917
38921
38923
38933
38953
38971
38977
38993
39019
39023
39041
39043
39079
39089
39097
39103
39107
39113
39119
39139
39157
39161
39163
39181
39191
39199
39217
39227
39229
39233
39239
39241
39251
39301
39313
39317
39323
39341
39343
39359
39371
39373
39383
39397
39409
39419
39439
39451
39461
39499
39503
39509
39511
39521
39551
39563
39569
39581
39607
39619
39623
39659
39667
39671
39679
39703
39709
39719
39733
39749
39761
39769
39779
39791
39799
39827
39829
39839
39841
39847
39857
39863
39877
39883
39887
39901
39929
39937
39953
39979
39983
39989
40009
40013
40031
40037
40063
40087
40093
40099
40111
40123
40127
40151
40153
40163
40169
40177
40189
40193
40231
40237
40241
40253
40277
40283
40289
40351
40357
40361
40387
40423
40427
40429
40459
40471
40483
40487
40493
40499
40507
40529
40531
40543
40559
40577
40583
40591
40609
40627
40637
40639
40693
40697
40699
40739
40751
40759
40763
40771
40787
40801
40819
40823
40829
40841
40847
40849
40853
40879
40883
40897
40903
40927
40933
40939
40961
40973
40993
41011
41017
41023
41039
41051
41057
41077
41081
41113
41117
41131
41143
41149
41161
41177
41179
41183
41189
41203
41213
41221
41227
41231
41233
41243
41263
41269
41281
41299
41333
41341
41351
41381
41387
41389
41399
41411
41413
41443
41467
41479
41491
41507
41513
41519
41521
41543
41549
41579
41593
41597
41603
41609
41617
41621
41627
41641
41647
41651
41659
41681
41687
41719
41729
41737
41759
41761
41777
41801
41809
41813
41843
41849
41851
41879
41887
41893
41897
41903
41911
41927
41947
41953
41957
41959
41969
41981
41983
42013
42017
42019
42023
42043
42061
42071
42083
42089
42101
42131
42139
42157
42169
42181
42187
42193
42197
42209
42221
42223
42239
42257
42281
42283
42293
42299
42307
42331
42337
42349
42359
42373
42379
42391
42403
42407
42409
42433
42437
42443
42451
42461
42463
42467
42473
42487
42491
42499
42533
42557
42569
42571
42577
42589
42611
42643
42649
42667
42677
42683
42689
42697
42703
42709
42719
42727
42737
42743
42751
42773
42787
42793
42797
42821
42829
42839
42853
42859
42863
42899
42901
42923
42929
42943
42953
42961
42967
42979
42989
43003
43019
43037
43049
43051
43063
43067
43093
43117
43133
43151
43159
43177
43189
43201
43223
43237
43261
43271
43283
43291
43313
43321
43331
43391
43397
43399
43403
43411
43441
43451
43457
43481
43487
43499
43517
43543
43573
43577
43579
43591
43597
43607
43613
43627
43633
43649
43651
43661
43669
43711
43717
43721
43753
43759
43777
43781
43787
43789
43793
43801
43853
43867
43889
43913
43933
43943
43951
43961
43963
43969
43987
43991
43997
44017
44021
44027
44029
44053
44059
44071
44087
44089
44101
44111
44123
44129
44131
44159
44171
44179
44189
44203
44207
44221
44249
44257
44263
44267
44273
44279
44281
44293
44351
44357
44371
44383
44389
44417
44449
44453
44483
44491
44501
44507
44519
44531
44533
44537
44543
44563
44579
44587
44617
44621
44623
44633
44647
44651
44657
44683
44687
44699
44701
44729
44741
44753
44771
44773
44777
44789
44809
44819
44839
44843
44851
44867
44879
44893
44909
44917
44927
44939
44953
44959
44971
44983
44987
45007
45013
45053
45061
45083
45119
45121
45127
45131
45137
45139
45179
45181
45191
45197
45233
45247
45259
45281
45289
45293
45307
45317
45319
45329
45341
45343
45361
45377
45389
45403
45413
45433
45439
45481
45491
45497
45503
45523
45541
45553
45557
45569
45587
45589
45599
45631
45641
45659
45667
45673
45677
45691
45707
45737
45751
45757
45763
45767
45779
45821
45823
45827
45833
45841
45853
45863
45887
45893
45943
45949
45953
45959
45971
45989
46021
46027
46049
46051
46061
46073
46093
46099
46103
46133
46141
46147
46153
46181
46183
46187
46199
46219
46229
46237
46271
46273
46279
46301
46307
46309
46327
46349
46351
46381
46399
46411
46439
46441
46451
46457
46471
46477
46489
46499
46507
46523
46549
46559
46567
46573
46589
46591
46619
46633
46639
46643
46649
46663
46679
46687
46691
46703
46723
46727
46747
46751
46769
46771
46807
46811
46817
46819
46829
46853
46861
46867
46877
46889
46901
46919
46957
46993
46997
47017
47041
47051
47057
47087
47093
47111
47119
47123
47129
47137
47147
47149
47161
47189
47207
47221
47237
47269
47279
47287
47293
47297
47303
47309
47339
47351
47353
47363
47381
47387
47389
47417
47419
47431
47441
47459
47491
47497
47507
47513
47521
47527
47533
47543
47563
47581
47591
47599
47609
47623
47629
47639
47657
47659
47681
47699
47701
47711
47713
47737
47741
47743
47777
47779
47791
47797
47809
47819
47837
47843
47857
47869
47881
47911
47917
47933
47939
47947
47951
47963
47977
47981
48017
48023
48029
48049
48073
48091
48109
48119
48121
48131
48157
48163
48187
48193
48197
48221
48239
48247
48259
48281
48299
48311
48313
48337
48341
48353
48383
48397
48407
48409
48413
48437
48449
48473
48479
48481
48487
48491
48497
48523
48533
48539
48541
48563
48571
48589
48593
48619
48623
48647
48649
48661
48673
48677
48731
48733
48751
48757
48761
48767
48779
48787
48799
48809
48817
48821
48823
48847
48859
48869
48871
48883
48889
48907
48947
48973
48989
48991
49003
49009
49019
49031
49037
49043
49057
49069
49081
49103
49109
49121
49123
49139
49157
49169
49171
49177
49199
49201
49207
49211
49223
49253
49261
49279
49297
49307
49331
49333
49339
49363
49369
49391
49393
49409
49411
49417
49429
49451
49459
49463
49477
49481
49499
49523
49531
49537
49547
49549
49559
49597
49603
49627
49633
49639
49663
49667
49669
49681
49711
49727
49739
49741
49747
49757
49783
49789
49801
49807
49811
49823
49831
49843
49871
49877
49891
49919
49921
49927
49937
49943
49957
49991
49993
49999
50021
50023
50047
50051
50053
50069
50077
50087
50093
50111
50119
50123
50129
50131
50147
50153
50177
50207
50221
50227
50231
50261
50263
50287
50291
50311
50321
50329
50333
50341
50363
50377
50383
50387
50411
50417
50423
50459
50461
50497
50503
50513
50527
50539
50549
50551
50581
50587
50591
50593
50599
50647
50651
50671
50683
50707
50723
50741
50767
50773
50777
50789
50821
50833
50839
50857
50867
50873
50891
50893
50909
50923
50951
50957
50969
50971
50989
50993
51001
51043
51047
51059
51061
51071
51109
51131
51137
51151
51157
51169
51193
51197
51199
51217
51229
51239
51241
51257
51263
51283
51307
51329
51341
51343
51347
51349
51361
51407
51413
51419
51421
51427
51431
51437
51449
51461
51473
51479
51481
51487
51503
51517
51521
51539
51551
51563
51577
51581
51599
51607
51613
51631
51637
51647
51659
51679
51683
51691
51713
51719
51721
51749
51769
51787
51797
51803
51817
51827
51829
51853
51859
51869
51871
51893
51899
51907
51929
51941
51949
51971
51973
51977
51991
52021
52027
52051
52057
52067
52069
52081
52121
52127
52147
52153
52163
52177
52181
52189
52201
52223
52237
52249
52253
52259
52289
52291
52301
52313
52321
52361
52363
52379
52387
52391
52433
52453
52457
52489
52511
52517
52529
52541
52543
52553
52561
52571
52579
52583
52609
52627
52631
52639
52673
52691
52697
52709
52711
52721
52727
52747
52757
52769
52783
52807
52813
52817
52859
52861
52879
52883
52889
52901
52903
52937
52951
52957
52963
52967
52973
52981
53003
53017
53047
53051
53069
53077
53087
53093
53101
53113
53117
53129
53147
53149
53171
53173
53189
53197
53201
53231
53233
53267
53269
53279
53281
53299
53309
53323
53353
53359
53377
53381
53401
53407
53411
53437
53441
53453
53479
53503
53507
53527
53551
53569
53591
53593
53597
53609
53611
53623
53629
53633
53639
53653
53657
53681
53699
53717
53719
53731
53759
53773
53777
53791
53813
53819
53831
53849
53857
53861
53887
53891
53897
53899
53917
53923
53927
53951
53959
53987
53993
54001
54011
54013
54049
54059
54083
54091
54101
54121
54133
54151
54163
54167
54181
54193
54217
54251
54277
54287
54293
54311
54319
54323
54331
54361
54367
54371
54377
54401
54403
54409
54419
54421
54437
54443
54449
54469
54493
54499
54503
54517
54521
54539
54541
54547
54563
54577
54581
54583
54601
54617
54623
54631
54647
54667
54673
54679
54709
54713
54727
54751
54767
54773
54779
54787
54799
54833
54851
54869
54877
54881
54907
54917
54941
54949
54959
54973
54979
54983
55001
55021
55049
55051
55057
55061
55073
55079
55109
55117
55127
55147
55163
55171
55201
55213
55217
55219
55229
55243
55249
55259
55313
55331
55333
55337
55339
55343
55351
55381
55399
55411
55439
55441
55457
55469
55501
55511
55529
55541
55547
55579
55589
55609
55619
55621
55631
55633
55639
55661
55667
55673
55681
55691
55697
55711
55717
55733
55763
55787
55793
55799
55807
55813
55819
55823
55829
55837
55843
55849
55871
55897
55901
55903
55921
55927
55931
55933
55967
55987
55997
56003
56009
56039
56041
56081
56087
56093
56099
56101
56113
56123
56149
56167
56171
56179
56197
56207
56209
56239
56249
56263
56267
56269
56299
56311
56359
56369
